3
1 200.1 100
1
0
5
3
3
3
3
3
2 300.23 100.17
1
2
0 4
4 0
4
7 15
20 5
3 10
4 10
4 986.32 201.19
2
3
1
4
0 13 11 40
13 0 3 22
11 3 0 7
40 22 7 0
50
29 13 8 15
1 35 28 25
26 15 19 1
38 11 10 35
15 23 37 34
3 32 5 28
22 23 26 3
10 16 14 17
29 25 8 7
9 30 24 11
38 19 38 4
16 5 20 11
11 23 15 36
12 11 16 11
40 4 29 12
21 23 21 23
24 33 21 28
16 36 12 15
26 1 35 22
38 40 2 22
22 32 31 15
18 5 17 15
2 16 19 9
19 30 36 36
29 36 40 40
33 27 34 9
39 11 27 32
26 16 29 12
9 13 20 4
21 19 16 35
38 40 31 2
14 3 22 2
15 33 39 29
6 1 3 12
26 12 11 37
25 37 7 16
4 22 19 9
33 6 5 15
10 24 34 17
32 36 29 40
35 18 14 39
10 5 9 13
31 20 5 29
39 37 9 3
29 33 16 26
11 15 35 16
25 25 22 9
16 16 12 7
30 38 4 8
25 28 18 15
